310722602 507882557 220588261
274379969 899419768 840123275
383583133 697259859 700946029
313367050 309724406 442123467
514912210 62320997 248949498
926900559 82882492 654115948
101303019 626530777 441382660
195618730 612780234 458482265
815437365 289741407 99899023
377917548 709320472 590438589
1067578031 1004917076 643927587
281678000 740298399 511047425
765498249 378863876 212575081
626631202 570516358 533422443
844135077 387024450 378663908
90049184 1004630002 151997374
644199627 617152834 830141767
572910305 915538666 1062745476
333674967 217277786 773813830
353420403 145443311 74654829
636160748 853696616 962342588
181298696 937893481 324891275
3665845 413497613 191385716
16875971 927073323 288561822
670054606 551053965 376740158
569582066 216621823 421263800
49575531 221804707 127043263
674585164 66116388 663131909
902298558 243965195 21533311
1061666928 403020522 783500142
322737509 526508695 110049384
112279905 151650499 760920901
855166942 388399 209240332
816148703 730314835 314858482
44958758 945480076 590936319
576165620 93660102 1016698262
742779050 651117714 695299618
959050219 78488851 807649417
726325431 759982748 239387106
325058169 751989700 562155139
1062707243 77381653 1032363139
682724394 432843876 2449342
523573331 228780035 89304772
37968461 243440512 616360642
886632841 561214545 817029242
417675459 244065495 928153980
944395199 563567390 716530687
39821307 304184658 737175025
73869649 440934026 793871734
896022255 335225768 749295899
393744473 84268723 155792157
13056965 74945185 96471713
25737968 468122976 733385078
711754767 30516536 1062658915
774853519 303364505 359430824
1066808605 311266609 875451302
512475036 517702608 139740072
588785228 350361236 498405201
221376773 886656392 211014447
599023135 72411269 896051211
96525494 111870308 973004066
121083007 994854691 1062685462
1040739079 521424636 520218527
401260428 138959863 470153975
1072714009 250597568 660602598
199524198 60863430 717651125
1018633082 461781291 573230533
714688791 495141081 240909884
82470383 78131981 516524236
527900162 682649097 1029990977
1002428457 801951523 72311713
280410829 711409524 387760353
1072324633 202611500 683045280
93540155 360692864 626518250
645818693 246020458 213052483
728915303 654518253 622689438
325731317 103262222 395146131
89103452 626019103 409857457
563926000 256851408 999686076
95045686 118238321 363779980
863347480 1072414435 706267916
404010655 988007247 198482840
72919644 417585885 851657098
398738840 325752227 342780425
565057890 403507744 447422891
582367927 472766113 703648305
370871486 859249304 487152475
684578932 911595978 230966368
1007099161 1014592215 623962390
862995950 176378454 81181458
772426338 578443456 1045786694
49282027 870043500 669986860
785254266 44861374 172972546
884506155 197745249 942109898
759848763 177959125 193829472
126542911 1029541876 415221804
430371773 597402572 453637517
357148423 691636512 223964490
300501076 267749448 1055218620
858097511 467828466 442895046
671439333 77782116 807847117
487842565 882485471 825128032
657814852 973118453 338659903
658001995 601558376 697043196
930932421 392014892 25210617
602488203 969164751 108432054
879979805 189941343 227467758
465237097 5893429 144277017
138745720 376565976 551949205
58732508 679689779 540137242
567679394 609578388 250764862
1056351933 129908764 837564907
948587079 32373135 463876553
66493114 479821609 767446478
207262030 333384136 310412346
17082769 574055371 952813261
862455582 900520126 368784770
1022843177 433589932 861502546
783608058 1016943795 1056338108
1005738203 354990224 792114864
1065783239 1047004599 246823398
507282600 293721908 752394215
848528575 936428171 40873925
997741046 226968595 704565382
413512327 1021145104 285229245
475983175 487100859 385276759
416597755 64347664 140480298
833903082 609401534 369986800
812657560 994225676 176474770
550205293 92941529 880962543
361830063 282924272 649320470
485336262 631674950 305428036
775955458 541989026 421189749
578281542 755156722 848635162
910913575 407819462 318468484
1069188909 790972252 900604451
430120053 796031518 140342589
290778952 1013981123 941067197
791277281 177467086 985012887
738213579 128014561 1072447302
948729932 337370145 390572714
709524788 676664272 539875624
781010362 167601001 458962408
146820031 447720925 233124084
787233269 595943386 274043730
410989675 506225735 238321664
53511631 639852510 253277431
978663581 187735152 226205857
628770212 41278736 575273231
976012110 689708575 722720493
1013099490 683444279 756266701
881264138 591957819 600033308
162977225 355120712 962460362
1050427688 1045829354 95255336
216209533 926957810 75320258
596221946 684953332 666430020
15897578 430997595 174924475
112527466 45061803 723229506
204963774 104780982 192255289
922623097 668965319 435935539
962170751 613233693 510221012
321820868 716935469 1059424926
241370464 553144908 544424481
513135578 702660988 291703638
488485639 644251843 1025764916
283712900 293309 455787387
1047541529 130081283 356649862
504929217 497720478 531965793
846863879 927435406 629512363
806937500 92080223 205887895
980137657 660969798 973602229
281647434 875441317 318929975
238338876 438281830 246272932
606155849 481400884 378082074
131391804 190937741 984820921
686384882 620655651 297261807
530909692 195434514 810385450
484784077 268709875 731196084
342481027 680001767 340768912
208641665 232405772 403006578
356184971 216200489 100505477
834856603 252633307 384211931
66702962 474074436 587816223
544067426 235807211 420866338
870314256 719407777 267934940
477482570 1013486395 608340556
578872850 821141554 37756393
603559366 459256295 755348959
724789157 547468894 479362840
541883507 551341274 522961246
966787973 612043359 126046473
566980039 419812997 482303027
320163616 377233259 655332137
912994101 95319781 1009126523
727621758 115447635 177212391
935271503 782035925 360725544
160574746 667100991 330547001
735481021 184351296 72956497
362025307 682879744 528983963
451874291 384408931 936666590
516430377 89087623 317788130
638622226 610032627 802791769
189474033 152602502 1052034915
360957025 475070919 275196250
662589545 123134728 1027921514
373714644 941539292 816176191
855040482 386495736 932271164
933968011 318423294 931761817
642709088 601684217 665688259
124066411 410394434 204354386
1004008102 567106989 982206854
249212796 287718577 1026882568
959516509 808057199 649958156
555909845 5820804 146587053
674180480 837381657 78650053
458473025 927377027 338378310
572805434 666063452 913920903
164638865 911374679 628166857
328487353 360274048 558228179
257123078 229610601 613558994
610352985 718225678 361010558
566313325 763027044 393018934
440773168 760005695 406500937
79901061 654384383 152080147
494887594 187571095 859991559
71751615 117765858 711614510
705850971 510696088 784200550
145084928 6730936 721532687
136172032 168044850 337956167
327600020 880348676 1043606214
560591100 273235650 220112639
15565333 257771744 70429876
868949770 726783172 641815992
683830123 526304734 566898937
180520234 360844249 520139420
1007160123 38159245 953306943
523677117 636676425 658854304
40369856 506377550 475509412
1055970542 173990450 671963588
449778266 667504491 413611472
902097177 548838589 31273812
265019090 872487246 86652209
998424276 448331450 501421774
321944332 605783101 1000105100
346134594 95301469 383217123
840098993 130457883 500635737
734849381 684158208 669869917
709599418 20738684 236514925
973186765 628659648 205886413
396941972 959402972 1061697092
179286386 283304006 1028888855
526912559 786664173 197243090
417600080 768425955 339393069
236451505 162128753 507271375
520965169 144992195 546956156
442340718 100495348 587724734
231380925 832185640 927661340
703515955 865472914 771414724
453735185 879882442 804717657
535445284 41843766 172314440
926839238 549846030 74661774
877562147 47626515 647528165
390667296 605582890 621406048
487887870 884538232 681284456
179372064 802492820 850073883
580401239 85360361 364577133
166810979 805697631 893554950
204277185 541643810 234061236
414978353 255202449 789539644
513145193 112426499 650488204
529335843 310924061 306606358
6590124 586240402 453801650
815626866 82028755 943735480
718544939 5185723 667313769
435999499 300944669 920532934
659296825 371345978 397904250
669590346 601280173 673809227
659868654 1013062274 398924869
818347538 775605776 395458145
704561482 267343035 374006576
401781682 941956154 483497449
81519605 239567466 976471590
319055224 458046447 60709837
544336404 757619304 761698811
255902524 517134768 832079869
1024285412 457237645 1031575761
485492069 828500848 901802778
337341035 441830667 392930404
335799154 984213262 1016697895
107208009 375208584 747226254
84805360 556275185 316273326
513121173 655290355 668345630
237085881 753563012 1062623986
615223591 774881198 41615939
470953651 582902650 111101819
997423624 416486393 888751559
45694754 123199092 999507659
141461058 352011434 63002162
380508359 893016417 36115602
661509121 145218588 157487487
251232085 36916388 223730267
550437831 534629695 487443685
544938436 370438465 988707881
145439023 46244076 671711657
561315569 394435407 390469834
1027032662 222299508 173751985
609823920 1017621389 622735786
573625163 140284294 359028555
360409097 657410329 1042437442
707034604 352550909 279429467
248009880 724487927 145267824
222729381 224132244 699244489
1028705767 709415175 986393650
435675984 775001334 831415202
659422460 790457724 466793548
503130075 336111486 101787437
192994744 709542077 1006286385
589755026 156722511 661339136
420295285 959553400 792207898
81177954 926816072 392655299
842910917 340871361 23687314
649408613 38888950 51784333
587309491 417169492 546775749
753536796 223159112 862401083
381055447 191207444 902380535
431498434 621866931 868479353
625636930 800703616 205701752
789941600 120821913 116772348
219776712 148884472 108711105
277930620 170632325 813153880
1019594619 622000869 314271559
865164533 567106249 292540935
1073084335 702745872 414717339
866608186 624021443 363977485
652606693 692051098 228383784
699462468 818801759 1024254144
449642829 833779809 498279009
862558470 893706129 576396924
583221741 808062577 728745398
333134348 510143191 163082458
1055122026 627539097 862263702
277911778 257614032 964694304
750638538 648386569 504252710
470633262 1055373110 482139399
888486728 156143941 1027186488
208138181 438266856 488413169
507882204 273312467 467427605
612742967 279258056 178424156
469305569 814690303 951819457
1041246419 762951904 1048789808
102749941 350582833 778522083
1036274465 476226919 207938977
311726662 147123347 1032899570
812919936 812376944 783580525
310161957 919842176 615992801
292894062 219492919 591855333
563971502 730784210 373799826
606874498 269186159 881988335
26088493 434910956 728889312
789935044 294262953 710587835
1017303063 314152770 705201831
318650059 698430959 684133433
823823954 371521597 750198759
917393561 725392093 511512760
843930880 824962661 888682801
359746272 668190143 602459423
743092376 1050890792 65769497
998458788 982920429 555783376
217081512 133116100 432380043
154675008 334164599 365701288
609627614 880258567 344963663
13589755 219222249 853216611
105528401 527786162 845128413
902678697 444319129 772924323
877617908 817559735 294963771
721556536 554673562 1039302894
558694816 343569183 457566986
955473165 503328487 599087875
694831871 993752426 728919436
405782333 619948335 389245428
501793456 566169044 793560135
17285029 726176863 108103664
705738046 338823739 1024482999
1037939118 118885939 990822579
602907355 202254253 172188870
664687558 1001535781 791609310
684506801 621843305 921836882
331836726 615180681 845464630
502254559 535619050 917792457
1012741295 717688034 521346360
517098098 713869169 582806350
409786709 71152455 806750257
765767544 315050088 1042976163
1071235656 298666643 884838519
568961298 134982977 329819110
140333283 841305555 752600100
72509408 336525161 187116716
424667735 92466420 133012818
526593587 145899229 384227281
459939527 1045832059 13230803
191203969 992330509 775759646
292745384 526283813 370290392
75033570 885581764 689885173
912486472 603818453 998138759
7741778 95975362 497387057
516625881 486494569 988035841
745039644 780619906 199453474
565027823 419568662 679070336
510589546 273950369 1598255
1026492763 557131024 904009909
669190593 194599629 667524400
777086526 489289911 241987924
150709805 513265744 111364676
1019473196 482120918 352688123
473157910 892455296 339516737
643361811 741260936 68087703
993949795 881000697 202139503
620068438 950551725 396228110
547798162 249232525 481675913
600055017 371071720 761718425
337740408 622573242 70518683
25229501 437008241 885772401
338175981 82943227 145191491
795242223 615926780 648569633
182714174 495428783 83953868
892840934 712553198 17248467
888252405 413130468 290724633
368152290 804948509 466210222
214537299 862283502 267551479
49666105 839193300 703795094
412687192 551265406 1070814922
234285269 767795131 363014205
666592178 217732190 98119419
118107845 577506541 942474954
875789635 606072701 1060709320
510389995 114741344 506590330
1054242564 556167228 680845228
138458351 835328999 1057736262
643259189 720259870 902452687
927013236 937667351 470693585
826575480 1011849350 1012776286
202591192 439083257 605052711
786288304 880236637 1072413571
758770021 161906255 119018315
878273196 662984396 29253542
496364847 37699933 738128174
369993303 897006899 1063817965
314850184 805117255 977513342
1006013813 852541090 825710613
389694757 450216604 288938072
1067643754 307312647 339760753
592209555 418735166 224094358
68913379 729280325 379273458
162643960 137543980 615021218
244232617 13056733 788521573
756863572 912711374 672560850
441202410 551287200 184555289
569781548 524729616 583142760
630207886 994855924 1003211438
721266985 1073039428 589304091
700096054 806455151 499586784
138360914 624423123 288819870
1013285503 116987512 407983936
727763716 493436567 913453227
1070355973 293323219 783953598
269810081 493548675 1055005050
521079015 7386099 868455229
893165055 522843314 641947591
558409083 679214756 1037587612
687961939 65712583 630398658
988174829 244405832 785141821
612964365 26112814 537693479
269680573 895577213 233564840
275881355 341204886 325424263
495432244 545504269 719217043
116992915 996124573 1042941647
263795845 493701214 907048899
202099846 114034821 16753156
789836933 66021917 365864255
531118655 841290091 101719722
570973430 670655913 380532883
823791888 296455314 298801712
805907358 1042808270 52359172
141107053 963708878 295192677
472624559 62580952 212247983
174411516 531026789 418331516
831440231 170186718 332353520
327271363 598030033 685809855
21879948 763955492 235626289
69186258 85678312 1021933557
879025666 144321440 327416635
157844190 599370719 666659232
433481867 563909096 582511620
1013595825 692555757 246196424
763641790 625950071 495381073
305397669 649581132 939254968
441640015 879206588 330518203
692155841 721930256 638200388
812079231 139913820 934879211
832908004 921110110 616808756
1063491058 955999164 223370184
12209940 542956985 125784253
163046702 627876777 629842269
696137226 19846995 319180928
306846055 979306277 797740616
640104146 763565272 469060612
174658892 628041492 1009149111
661729575 656057352 736756452
37074320 656194376 202349714
536706347 239084677 675666511
724544701 473657142 809902237
719506786 61378094 913475112
301490965 98645463 127778500
67080065 627991192 683964230
821077855 1040040941 380463039
136788409 847602921 755979986
513331420 1053278144 107990460
574943721 564334852 650767206
990598640 449600753 1060986825
6096331 1017994206 775066820
996216532 28746635 987747425
570048918 907659165 898015378
726716680 212062487 502696755
296768231 319748314 905687472
733840482 1037533578 181491156
760287680 1002322819 802703551
478774738 211297458 343825628
1063506123 400253664 299900978
200612304 929361357 389283546
823208685 289545739 412974750
866398162 745537924 389587595
507088394 750012291 948508433
688260648 590218511 984949295
348481122 312283213 194329520
395583338 251608377 841455208
948271109 557553273 389557211
585433027 588438585 364201633
1023112111 717361888 923528326
191751845 323190354 881871019
986420815 819886949 751468776
156633886 880043460 137514819
444502205 1028526886 505539180
830922596 499325544 391375856
804212715 545324466 376059018
475238180 81699920 54413511
72974096 946177173 86547646
384966409 322242887 1029668217
458892164 118620197 711564614
975177615 349334604 731687986
612515540 181574886 612355262
38887252 854993139 785167806
21016481 495528993 644885400
436669727 683238570 625904304
411450393 237670906 918676348
527085235 408180624 563998297
776832754 428324740 347192873
245054905 912258120 698890423
664019895 694230890 972419549
264005895 44862597 484745469
995552969 774498963 620712534
677559691 352167431 448762068
1063181548 812705748 730762806
770899987 648664104 540545624
525204002 350627947 429055304
146067991 1024660036 109415218
645559150 434291016 1038652772
294160712 6848452 833537563
607233358 672879152 179577150
125100614 436218739 119268050
201320623 611078149 791273097
245221105 519199130 315364484
815958102 234627398 460724963
734183364 807725771 274081811
370017930 117293948 195757012
556078021 38724240 149978842
834033228 850094711 1019505948
381187451 217680583 528072550
1063001710 266478591 308839040
847203208 339625026 1071926385
165493231 629804062 1002709344
239372918 235294345 206425490
880684992 964559828 938802756
797195657 768945364 399286798
283228585 75079840 214441300
177985855 286765067 19751680
750990421 448662374 943242244
821505388 1047002717 429488944
341641271 379116616 618704927
276194885 184374781 525002194
696201538 148602860 127645222
543234281 833265780 617188568
603145223 124500279 965940133
488956502 265756942 270156258
133050703 1002313520 115816783
1003259260 929108035 909540808
435883626 425839558 363385388
1055868834 681876811 846600392
507602552 141973557 499221544
814501561 19923005 160812596
1004700984 105712539 789490737
740777126 440612629 243644315
1056280806 481973275 303580383
52538867 674040973 617560215
585275967 881733410 873949724
904906641 918483877 872791790
97736180 144040304 825642436
631501656 955158216 629513570
866616652 37581424 471006480
474024851 156389907 734275001
706542056 517894727 542239221
318848328 165385934 577429669
763911548 950711315 311684672
80524976 264416910 481991002
586494065 916328259 214952140
644350944 1059553352 885253206
97635640 67281817 633505046
1040119590 888895166 789608128
369043812 913627654 995913993
461882128 1038862586 271417013
305491302 700472655 53140661
428717248 277947801 539886521
26790205 704868229 832445185
262920816 633853767 214808488
497693614 167789595 223211009
165532433 5946327 866377676
275482009 855375386 807056880
839029838 386956449 398848713
635169993 616046349 2373046
330645946 822493623 887869893
564288900 51338041 864627195
963940756 16753191 1019030299
923259184 483313141 1005333336
341468765 259074450 934262824
474992581 486620356 900150465
280137327 935945301 76286671
153290275 460781066 253034770
233892769 957825513 33121158
4819766 585118928 998249306
799261296 713300939 423917353
323083264 696418716 207353094
599707753 307829827 607906715
647444382 158128178 615395510
391200494 443926150 727751643
45765508 134667499 570217686
595939684 815578472 1051374187
720983319 247568955 456788259
850775351 976214393 79726329
797772269 569311782 587963112
1035714313 124226300 503196589
985169507 369045574 257972036
200585617 244203392 26031962
130516639 496624090 780150567
251139021 182421797 156308646
338816130 380618185 206373211
603317510 504683542 383327385
792197202 721638778 1011386494
345196255 751040516 66401669
897227429 748489591 474292021
1003836734 872869699 800019510
229615004 313176899 368679771
1008273381 584924601 374300742
716432695 884430849 622735336
885024751 119847923 1069621818
530322055 522215662 564148315
491511659 828211207 1056690530
267604141 772414730 574156226
490098296 884970505 849980784
1056896517 830736664 255722646
814534027 62644062 721092332
145565113 972164574 888253736
996884152 731960119 43715779
490571526 294726225 672425095
914057672 252781404 407904552
98641603 780349505 500155961
470477053 652780111 145399870
819995109 19339797 822417709
362002710 842102263 104844063
580328480 1070792592 131721949
932348121 449079032 166997403
841382377 262639769 955765348
6207204 555969028 978843349
230903574 466765461 557904658
720654 1012246064 18884197
562231245 824444767 331152350
481895730 233177344 877320858
964766964 586505880 1061961632
149814015 31684058 236036487
167940071 4988444 477554742
972482310 726643826 221482942
294201949 246351992 911569417
282343886 513274203 103811620
146417118 720408763 436668096
684515956 370632731 510362574
759562400 778563556 287203682
866922196 851234952 118160220
941046523 695861218 767391205
152735590 66369316 256673179
399016798 588945532 273286729
704786597 725303620 76192099
580800312 222246555 154920784
145114184 169519131 713824715
199450134 890332874 908457534
81764697 188148191 868508540
532540539 634324326 117127954
981966329 1056443795 758205195
996926137 440905952 444055870
800958176 276987917 219759267
412668047 367521801 736121955
1013847747 337071594 96627882
336909751 624582822 234580112
558588869 779985145 389458440
486113822 386927701 472724029
1033235644 723611946 195598665
188755263 346198079 224521201
569963631 629396870 832837774
524585393 452454742 7934380
501145327 844576737 380651260
78077304 946117180 963235373
30321801 903552295 122002926
2910319 185182895 992173921
5988587 611643450 665196722
234470813 881153961 402856125
421130879 17743903 89889196
345394807 255506947 5173162
1057372636 730462835 706889395
864827551 124274233 696218775
481060642 416054513 936175228
834827527 195332746 414903000
132911902 441353105 528861929
21978112 1069712190 335799372
258488572 819015849 856077501
852656547 249897345 271836689
122364654 516965088 347945906
835317314 72621812 166421205
134163063 574215607 885119961
931107027 200545096 579929884
1024171612 634891373 636384031
29605924 849366724 241898737
177082927 1015074754 79426321
1051109136 620454074 881284431
466032094 388291582 186864947
502242343 761795955 498502641
618288429 706400121 817197230
457034288 678192428 141211433
1060308039 250402156 439369928
127083096 115601149 223905799
81377350 15757388 481685622
140549964 395174682 777951478
212386844 33054819 85735553
593167491 523855655 951783070
751938832 68911128 995716292
959662077 994145897 402767389
264371366 858255376 25128425
982036740 771925957 409356211
197830683 377669276 839526320
383580769 164974176 287671179
73627499 565419119 891752888
266804898 137353055 525034961
818282643 638519148 494350351
415823056 985667563 77666951
279273427 48419222 245505117
129159538 930340657 728498427
609726945 570982391 330358692
576138357 1059539549 340574622
647576591 589915482 652335602
720405729 902640650 778028042
703196112 486909202 532172415
75847851 357581415 706770326
126861808 362055758 376396638
188667931 786408424 52210363
544970652 171332229 962726888
174853807 916171297 907186559
690641943 613976981 525049287
742844478 222836964 117135713
928065917 11331643 666482357
793279911 1056285206 930611379
1029452122 676464358 727101700
552882625 723690550 119044930
620730671 494482809 630804812
938345477 998912114 1001643242
1034296426 1062454014 122984857
469776749 135945668 435171510
21461687 727791026 742896126
355843112 728948164 125175658
68042538 294630822 5337912
751899874 464272485 828759317
1054502425 135792216 517997568
427147118 468716453 301093036
1026872595 194756135 192078804
103520770 810450948 376488286
613209198 828621786 1044423679
303692531 626526426 878760048
297905992 365358820 679070780
824490104 946698493 14257495
874172871 331316795 1004525619
213253271 176052698 241493644
37897255 773023346 842280321
112541591 334419398 283834555
34807227 332215645 5036916
786659645 621655730 982289639
